$ANSIBLE_VAULT;1.1;AES256
35633564303665353365343138356531636634306564656335343934323262363261366630643161
3166613838336530616430633337653364623634653162390a333762623335393738656565373137
33643562663661396262626134386331343864363737383933646430623465396334306433356465
6637396561366432370a643938366533653235643032663334323137396630646532393964666561
63333536316238333965396466666461313033663533343464356334656130343763363666613433
37363563653035373462613434303162336535336139663037656262393131653837376537666165
62343436383564333764386261313666653765613161623932396338343165363761313135386163
30653564323931306136303365323530613261663138623036366463646166653562663736626234
36646538666537373764623035313932643163613937653332653737386664356230343864393532
35343831383336383162363461336361336666306162613530633261313839363130366134393139
36316139656139633433356335326232316132633430656639333735643831343135316230313438
63393362363036663964353537643463393931656131616330366562393739343333623331306664
31313736613465383430353536323064396465366439366263306565333664336531653639353837
62386137353865373530316237656533336365646134383737353866383963663365343533396463
61663839643165323866616234373632313231333739343866343066333739363830363266643263
38376632653964316561356539353538333630633331666262623032383139616462386538303636
39366331303066343061633237376365366439326338643730303039306365383831303366333864
63666265633864363635653361383161636662363864656235346662343562393232366135633931
32363063353939633531326630646264383833646430346261333735333034363263623534303264
64633266373832353630643434306361656261336631376130376639393739386262303365393238
62373732663464616562346566333263313938393930626130393538396164376234616534393738
38333961653432373937353964366463623038313861383665306361386331373333343631303732
64363064336532663565383632663164363634646336623339633238373263633435363064333635
32393635353566373466663064316233393234383665613233333033396566306635383638653536
36383737326263383436356435313539373039356562616336353861383030383932396137633333
35376132363034386433383766383739323731316530653234633065633539386365333863383262
66396135353761323238646634303465333638326635323833393763643831663364363335646237
34643330313562373335613965383733663333396463373331663863393932363634363762313030
66646636333365626432396237346535383938343662653665373065383032393830666534383230
30323964383131363164343266646366363932366137646433666634363962333831653866636334
33643038343433656363663139336663313432666330626361313133386333383661656265383134
63656237646237383030343465663164313934336235663139666334313766646135646432363865
35656437323662313863396334383562313561643937303837323837336530623836326262336536
37363234643634633137376535393737363939626332303536636534393863346636363733626238
39636336396436346239313733656135336230633566336638303735656139646430366138303535
39616164373561373166323366616463656137623262366334383435653634373038666238376339
66323933373365336437333839356331366236306339323930353836613832353465303934346630
33633230306265343036306532313062646533323961616562326434356364313231663963336630
63323831336234333863623438303063353231326531643432333630656465333764363232313766
66613237326535366661643063623936373432366131313132306666353266633637313930623430
37303666313338643631323362643561386535643739376639626532323865323762336233333032
63363565663363366435326332376461303233323733643530613633643266386463616662633063
64393434663164626434356136643965656336613735643066623535313361386665353731633065
36323133303632663431383636306632386230313461313636393131613565303433313030616534
31656366356639313736643365376333396463393734616563323833363130663439636132313064
62303532636234663331663837643666626663666335356438636135653264386361393536613631
36346165323938353534646432303632663039623032303730363663383134663436616561643139
39613334333262396530353062396434393837313136633263643664373438653832393935336333
61616437633363343165643266363537303061326463393562633462346663643734326235643462
63616239663466393364616163666166393262393534356361333365373036306631353635383062
39363963316362636131373838623364393165306637313332313339333938643734376234306632
33616233336133386164366465633436373131623937346137346635363437306238633134356334
65663436383234333435653632626136383039653037666630373663623464396333323239306438
38373630333535356363366637373161373932653538316263326330343430323133623262633362
31346662653037336537383535356339383861663964333261343836336663396665343838653532
66663138333137343830326437333832386635656163336266633137616265343334396538393233
62376332346535396663386232393237333265346163636163356639613164383665336230333262
30343163366138396565316634633838653833613464316664646663656134333866366165666337
36326432346165393834363865356435623830666666666165643234623539376430373861306662
32373535646665323930646165366339653635383430353532306462353331363236363431656138
66313262326666336336313235633336383132343439636538653539346433306633626337636464
34386364303132336561333431613865633430306531613136633864303663633464363662366535
65623565653330623464323036316263643765653338613934633635613363383738303532373761
32613037636335356138633431303135346265323839323237376264363466303131373062383133
32396631393664346265616362613066306431383064363138313731343834313937363138663533
64623239366664343563313561363766396234346266336137613535373231353137613261633363
36336565373831353535343263646130646538363532303234653865373933613536343530613832
37363939323134663663333963373562373239313934373431383534613539376464323736313765
63616436353936356364613132343932613835326335323763636136663534363838633964373134
61643932343836396539626630633637376536666164326639656365623163356261626137336332
30376436323234643834363364333032346636623164346536636439663436356265383634613238
61336638363530383135663963643939653830346338653630616137363932323639613934323466
32623338356466353437336330336466353037366335343938333935333864613734363336663066
63396565366535343532613931623161663039663639323862666537373039383465323031363166
33363962373963393537623364623530303362376437303138656539643266656663646664386637
31616434383764313039376231336435613762323536363735623732366561653236653034383030
39613236626336633233623833323831633962643137663964623762643031643937313130333234
62336439353164306233626336303436313031623166343036366138316233656531646234346430
63363261343561653534383831626533653538346434343561353539366434623965636430643731
30386363383464353066376434646135663438343062336363663534383937356637363765626363
65396463303631663937393865396530356563663739353839373832353361343465613338353535
34356262616539613032656462353131393532303538653036323032633133373466646565646235
37356465643261666130613633356135396130396636363931636631383235363936323437383237
34616335333538393435363538366530653338653566366439653962313337313563323437303662
37383466653963643133646138663235343965663837626230393061386138646534653031396230
32356535623931303663623332656339353366366135613061303665643563376363643336393537
31333863306537323664653933623266643261356236613139316334373539666439636435366633
35333435353764626363393864656230313863303038366531323039373765633030353837613632
62623236616332643662326536663066313032303961303461626163393435356436323831336537
33336566333232303065396237303464386134356239376161323663353237653865303435656666
61653935336363306437316639313432313331386266656138353639313063333161383631646435
31386334643961656437396431376564373065616530623138633935633139366233313962303332
66663935373738393038376563626237366162313832666566626365326235666363663337326431
36356466363031346661646637663739373033616530376237666234313730613134393437633331
36666534313266353035643765383632346438313637313538366339306339306638356162323630
65333933333866356637316439303961316366663761346433623032613861653332643063643835
66653061666461383635663730666163666163366534633962353237393937343861633762376235
66393865613362333062316261396131633937633736306230623865333663393339363030623838
31626463326266333939353137646430376563336562373132623761653133353936363866653834
61333837653130323639633736356363626262356231336431343863643036373037316166616565
63336666333837323130323131313431373065616236663931333837303163313436323061313061
36633030393635396666323665323133626161613335633936633938313537373835613431663765
62346533646266373134346638396164343239626535623239313863616264643961643332333432
30323263393730326438653038656235313965383362623634653666343262363634323665643164
65323030346461616636633463363861636263623834316237393362633362353537666565313836
31303862386530393366616335383237643162663330383830346636333035653438303437363664
61353037376263343061376661643537323434353263356238363339386633376437373264363831
31626664303438326130383439633738613037663431656563623539326663626630626434623464
30313335366133313533323436393634316432386535373364616666653333363461343933343763
65646365643664383937373138646166623666656161346563366537353039323564306166383735
30333666663838666439613137343530323031643962613864393961633833316364396139376132
63386630663134333435323234393062373266313132363130366163356633663733313732336363
65343961633537643936303634666232393165313365396436383138306365353539396664303937
65653561343239333439623932303036396564626632383732323466323062663635346531316633
36633237343062393136613635326462663064303132313631636530313238316461653731313937
61386330666333383734383233333539616138623331343436313935653162336164323034656364
34323837646438333034336131303733303732616336646465666264366366373565666232326432
39643066373966626639383063363034323931373265613231386363663162373631313034336663
64343466346538333739363763616565393531646538646166346632306133656334363866376464
39663266623162633638383735663935656264386366366662396666616463306635353832663631
39663735653636333034653565666264303339616332373836316231653533323766386431636430
64636631653031626333343335616161326639663333313934323138646438366561663733393933
38643436383635363030633433353135656430646537633665653136653335313935323135303062
35393634363863623239643562623632353432393366613666353464363966373139663031633932
39376666363061383735333265306333343730613938663265623433303164663234666564396165
35613366646234393232313836353136303830666130303135383032626337653033663934356465
66373935336566386365666431396235323130626138366431363466646335373439613331313863
32623264653335646437343431633434353330363365326162373433646462656533363963346661
36393938373865666265633437343464373139643538636631333361333230303539323231633763
65343262313065663732333236626462626466663434326265306433613262656665363032343664
31336633366339633432633939623538646436626139333737376632323239393534613563326239
30363937363431393864653035633861646266343362643838663663316262643337633136336339
66326633383034353732646666396632613034383539326366383236646161393566326332346435
34386235633562393435616133633630636534346662623063313335373930373764326431336134
32646134333734363239306465613336343734366562316261333562306462616636653463636333
66303464626163633762643265303961366561393433616232363534653933353339613237316335
31376562666262653736326664363836643637613836613666616462316164333164303164393561
36623365323233653733363231326636343135303566636131643134663739366433343364326230
61353430666533316665306135316165613639643937613063303166656138383862363939633861
63613033636465633433303931386366326262613436616333323931623237636164626464663836
34663062336438336634643239376130333831383737333535306138666334316466373835646235
65343035336539636262343764626330366237373530343866623264666637356539343163386634
39643463616238323831653631383834376535383861646137623264353439643865326632633537
65306361393835316133326266376263393535376337633237663837343236306238343038306435
39323965373632623866616637393635626631616164653162383036353639636234333438333263
65326364303962323662343738303162323232373734356436613264303264373338313632343338
66323666343435643439336637353732653064643861663635353639613036346638353665623730
33363865613339336364653565613632376231303237356130313537623935643766396631626364
32383562623065613835353734396564323533393933323739656633313137663731383139353834
64633962323931393332383866353832356434313039643230373536326132316265376636313830
66303965663437303439656163303330646239303462646439646166613064353034323865336234
31613163336564623031383239323636353861373936633830323663646465306466623237366237
36613263386432643632623263636262376666666533336431343761363539303862353831343661
30633531623739383036643933666432363064316630383331666564613561316466303035373633
66666337353532356633363737643234306430373565656330643761316432383961396366366330
30613861303561313435303563663837666266343134376636613065623937323564363634313535
63363630356131303766616532306533666265303562393738393834613932343466643963303835
37376239663134343630653835396263626439343265393364333866663763643432386536383564
32353930396435383038303538623532663566323632646162356161623437353032663838353334
31383136333366363037393262643132343531353038333863306561626465393264323062656331
39393066613465663434613162343037323737313966633637376633303938376462346438643237
32366233366662646536623130373433653364333030346338333030366533383664393935323663
36323865393934326531343561393662373832343565646539613335633539343132313766346230
37613363656162313431346663383638626434393861663538646132313437363836333630623863
66356161376436343763316465366561323132306431646161313534343761303036613763653363
3161656336306366376334393461333861336137653037396163
