$ANSIBLE_VAULT;1.1;AES256
66333939346533366139396565343334333731636438313966366165383633376632636663313665
3736326263303832636565636366363438326363343137630a356537323565306464326437373639
30366437623366373361373439626532616438383765663166373835316364656665633038373636
3661313630366434630a343132393831643763643566663661626132623562373564653964383565
65366565633961323163313532326431336466323934313333343839646363326330393062343739
37663866373664343835613032666565663236666262306136353139623635663836383138306666
30353464376132613338343532303761323933313962633161616363643733356332646237663564
63343763613163373132383464316162356331366131366135303362316433666439363739383338
62393436333763643533633734643433366233623438333363303264613438346534653039363363
64663536643165653935623836383234613562323432656466653739613534366537393334343633
65316362323163353937343539336638633538326266613365616166346530376436313030336466
38323030396136373737396233366135656236646334613938386261316364326339656365633439
37386430613637313835383137373561376366636262346466303931623832353034646633656564
63393831363566303330383039393334653535336363616535383461343063393138643730666436
30366432663937613262316134363664383631323434383462333032383664313236346537366664
34666562663238346232656131376362636363633136363063353739626562646533636133353630
33666132663636346230383039613966383735643264393831313933643537653865353265363531
30396361323236613734646561333139393137636164313530396161613062316130326536343735
61613462323866393037303232343036663331383266623162376433353735663963343737643466
39313231376364313561356239383635356232313835663235646334626165376537336430653166
62383563326661336635333431616131383235313665383732386633616630386231376330616330
36323537353336353434626331656134663566333534313039363832353833353936633564613037
37306665356364336335316334646633303032366166656432326661646465616663313630306538
63383462633162636635346330653663383234643736383264323632616435343231643333353364
38313939396338323734363531643839633033653965306331653366333562303536613266663435
66323036313030633764333932366366373731653931646362626432323332373435323038326132
31376630316265306137383462323765306530346637353561323434626133626166653232383561
39316130653231376133353031363730346162363362396435303835383366653562373339616632
33653862626562393665383962306332353536633665653731353839626166373664373231656535
39393331393665643666643835386364633630306138316433353734323762393465376435656632
39363466383336646331333930326565313731626330636363376335663165633730663361623435
66336534343761343435306130616164663439363063636136616636633639623263663731323033
31373539353661616339336432636631303461636661363738623031656234376135323065653863
66383532323638393161353563643431663037356438393835643838396534633166373934343431
37623336316365633762346562393432316338306466366431313131346266623663653063313936
30323763353563373265386261303361396466356533306533616236373065643461656132623061
66386233373633613733623063386435643732333837376533316265346462353138653331366465
35303038376665396137303463653666396238313162373830306630313138636635336364626165
34333835646537303863356438636637313066613365633736303066646439643034343663323030
63366362326663616265633232316433646163333964393861326261366235323733336238666564
39653237383937626632333839313634666234333332613066393833333935346135
